10003
10007
1001
100131017
10024
10050
10058
10085
10096
10112
10113
10133
10155
10160
10166
1019
10195
10196
10197
1020
10209
10212
10213
10227
10231
10248
10280
1030
10309
10322
10350
10351
10360
10370
10410
10420
10424
10436
10439
10452
10455
10460
10462
10486
10505
1051
10514
10516
10535
10549
10563
10574
10575
10580
10586
10589
10590
10606
10607
10616
1063
10644
10669
10694
10712
10721
10726
10728
1073
10752
10783
10785
10799
10800
10813
10826
10848
10849
10863
10870
10875
10885
10894
10919
10921
10926
10940
10953
10990
11004
1104
11047
11054
11062
11065
11072
11075
11082
11091
11099
11126
1113
1114
11148
11156
1116
11164
11170
11200
11222
11223
11226
11260
11284
112858
1129
113115
113130
11322
11326
11341
113655
114793
114815
114876
114899
114907
115098
1153
115350
115708
115908
116028
116113
116115
1164
1191
1193
120071
120892
1215
121642
123264
124
124872
125
126
126321
126382
126393
1264
1265
126792
1268
1272
128
128239
128272
1287
1301
131601
133121
1346
1356
136051
1368
137075
1371
137392
1376
137872
137970
1380
138065
139886
1404
140803
140838
1410
143279
144097
144455
144501
145741
1469
146909
1470
147372
147381
147841
1486
149951
150223
1503
1511
151246
151648
1519
152007
152137
152189
152330
152518
152831
154
154141
155061
159296
16
160365
1647
1663
166336
1674
1675
168537
171023
171024
171586
1717
1756
1776
178
1786
1789
1794
1800
1805
1820
1827
1831
1836
1837
1841
1843
1847
185
1869
1876
1879
1880
1902
1908
191
1910
192666
1944
1951
201895
203068
203859
2045
2050
2053
2060
2091
2110
2118
2125
2146
2161
2162
2167
2169
2177
2188
2189
2194
219972
220042
2202
2205
2206
220972
221143
221150
221662
221895
221908
221927
222008
222546
222643
2237
2247
2252
2254
2263
2273
22827
22849
22871
22873
22915
22927
22929
2295
22974
23016
23035
2305
23052
23066
23111
23114
2313
23136
23150
23160
23171
23212
23228
23229
23250
23274
23284
2329
23310
23336
23345
23394
23397
23400
23414
23450
23460
23461
23492
2350
23514
2356
23594
23601
23635
23640
23650
23657
23673
24137
24140
2491
2517
2523
2532
253559
2539
253982
2549
255738
256435
2571
257144
257194
25788
25802
25825
25840
25879
25886
25888
25890
25894
25928
259285
25929
25943
25975
25984
25994
26031
26040
26147
2617
26228
26269
2628
26353
2641
26472
2648
2651
26577
26586
266675
2674
26747
2681
2690
26960
26994
270
27000
27020
27042
27044
271
27147
27163
2717
27284
27286
27299
27306
27314
27334
27338
27339
27346
27351
2770
2776
2788
2823
28231
2824
283383
283871
283989
284403
284723
285
285016
285195
285313
285855
286077
286097
286133
286827
287
2875
2876
2878
288
2886
28969
28982
28987
29028
2906
2907
29070
2908
29089
291
29106
29107
29127
29128
2919
2921
2949
2971
29789
29796
29802
2981
29841
29901
29915
29923
2994
2995
29953
29980
30001
3028
3032
3033
3037
306
3066
3068
3071
3075
3080
30835
31
3131
3149
3155
3158
3159
316
3177
32
3218
3248
3284
3294
330
3336
3357
3376
3382
339745
34
3400
340024
340146
340419
341676
3419
342574
342926
343
345557
3479
348093
348110
348995
35
3537
3556
3570
3587
3590
36
3603
3614
3624
3642
3654
3692
3702
3708
3714
375790
3778
3779
3783
3800
3815
3820
3823
3832
3833
3838
3843
387103
387914
389058
3899
3939
3977
3978
3984
400569
401494
4026
4033
407040
4128
4129
4134
4151
4171
4172
4173
4175
4176
4208
4212
4232
4234
4239
4256
4282
4288
430
4306
4312
4314
4316
4320
4350
4360
4363
443
4488
4493
4494
4499
4501
4605
4629
4638
4674
4675
4684
4700
471
4717
4751
4760
477
4828
4830
4839
4869
4888
4913
4919
4935
493861
4958
4969
5010
5023
5036
5050
50507
5052
5067
5101
51025
51042
51096
51099
51114
51128
51142
51176
51196
51209
51236
51246
5126
51284
51306
51330
51348
5136
51373
5138
5139
51434
5144
51490
51497
51512
51514
5152
51523
51540
51602
51617
51629
51634
51646
51654
5166
51660
51676
5178
5202
5203
5205
5228
5239
5294
5307
5333
5335
5336
5347
5348
5350
5354
5361
53826
53827
53834
5424
5425
54331
54414
54443
54475
54478
54490
54512
54517
54522
54531
54555
54620
5464
54663
54716
54793
54796
54805
54815
54820
54831
54832
54852
54855
54884
54892
54894
54913
54915
54929
54941
54972
54987
54996
54997
5500
55024
55026
55131
55143
55154
55159
55165
55201
55210
55215
55226
5523
55247
55257
55273
5532
55355
55388
55422
5549
5550
55532
55553
55559
55609
55619
55621
55640
55651
55661
55689
5570
55722
55723
55734
55742
55759
5577
55771
5579
55835
55837
55839
55859
55885
55905
55920
55922
56006
56159
56271
563
56474
5649
5655
56652
56849
5688
56893
5690
56915
56924
56926
56937
56938
56943
56954
5697
56977
57016
57020
5704
57088
57122
57130
57132
57161
57180
57181
57188
57214
5726
5729
57332
5734
5740
57418
5742
57460
57465
57477
57484
57502
57510
57526
57556
57569
5764
57647
57650
57655
577
57708
57733
57758
57761
5803
5817
5831
58476
58494
58509
5873
590
5901
5905
5906
5920
5933
59353
595
5954
596
5984
5987
5997
6003
60436
60482
60681
6185
6241
6242
6263
6273
6282
6328
633
6330
6332
6335
6347
6355
6363
6366
6368
637
6387
63875
6392
63922
63928
63931
64081
64097
64118
64151
64175
6422
64328
64388
64399
6446
6449
6450
64506
64598
646627
6472
64805
6491
64921
6493
64943
6502
65057
65062
65108
6513
6520
6522
65263
653
6533
6541
6581
660
66036
6616
6618
6628
6636
6637
6642
6659
6662
6671
6689
6691
6715
6717
672
6723
675
6750
6790
6799
6817
6837
6865
687
6888
6895
6907
6921
6932
6947
6949
7004
701
7010
7023
7045
705
7057
7068
7076
7098
7102
7122
7153
7166
72
7263
7264
7272
7275
7283
7284
730
7301
7314
7345
7347
7360
7372
7373
7390
7407
7414
7432
7472
7474
760
7625
766
7675
7701
7704
7732
7803
7804
781
783
7841
7857
7867
788
7881
78990
790
79000
79017
79050
79058
79070
79075
79080
79084
79095
79148
79154
79171
79172
79447
79581
79586
79711
79728
79739
79785
79799
79801
79816
79827
79833
79866
79888
79895
79901
79913
79989
80031
80131
80139
80174
80201
80258
80310
80323
80328
80333
8038
80727
80758
8076
8082
81035
8115
8131
8140
81502
81537
81544
81572
81620
81624
817
81704
8175
81792
81875
81887
8189
81928
8208
8260
8266
8270
8313
8318
83444
83461
83475
83540
83547
83596
83637
83700
83787
83855
83858
83879
83985
840
8404
8406
84102
8412
84131
84141
8416
84172
8418
84259
84265
8427
84303
84306
84320
8434
8436
84365
84417
84649
84650
84678
84695
84706
84722
84725
84733
8480
84803
84823
84824
8483
84830
84870
84918
84934
84948
84951
84962
85004
8535
85407
85409
85441
85457
85458
8565
8570
8607
8611
8614
8630
8639
8643
8659
8671
8676
87178
8767
8772
8833
8840
8850
8862
8863
8884
8894
8904
891
8910
898
8985
89857
89891
899
89958
90381
9055
9068
9075
9076
908
90850
9088
9093
9099
9136
9156
91624
9170
91748
91851
91947
9201
9211
9212
9218
92241
9232
92609
9266
92675
9277
92799
9289
93035
931
9314
9319
9329
9353
9361
93649
9378
939
9391
93986
9423
94234
94274
9429
9444
9450
9459
9465
948
9480
949
9499
9509
9510
9518
9525
9533
9540
9569
957
9590
960
9603
962
9675
9688
9700
9718
9725
9737
974
9745
9762
9767
983
9833
9837
9839
9898
990
991
9912
9926
9928
9929
9934
994
9971
